TotalSuperFavoritos PromedioCuota          Expectativa            Realidad
------------------- ---------------------- ---------------------- -----------
921                 1,12709011943539       817,14849959058        801

(1 row(s) affected)

TotalSuperFavoritos PromedioCuotaSorpresa  ExpectativaSopresa     RealidadSorpresa
------------------- ---------------------- ---------------------- ----------------
921                 16,7504234527687       54,9836845974044       28

(1 row(s) affected)

TotalSuperFavoritos PromedioCuotaEmpates   ExpectativaEmpates     RealidadSorpresa
------------------- ---------------------- ---------------------- ----------------
921                 7,50157437567862       122,774227632274       92

(1 row(s) affected)

Resultado
----------
1         
1         
1         
X         
1         
X         
1         
X         
1         
2         
1         
1         
1         
1         
1         
1         
1         
X         
1         
2         
1         
X         
1         
2         
1         
1         
1         
1         
1         
1         
1         
1         
X         
1         
1         
1         
1         
1         
1         
1         
1         
1         
1         
1         
1         
1         
X         
X         
1         
1         
1         
1         
1         
1         
X         
1         
1         
X         
2         
2         
2         
X         
1         
1         
1         
2         
1         
1         
1         
1         
1         
1         
1         
X         
1         
1         
1         
1         
1         
1         
1         
X         
1         
1         
1         
1         
1         
1         
1         
1         
1         
1         
1         
1         
1         
1         
1         
1         
1         
1         
1         
1         
X         
1         
1         
1         
1         
1         
1         
1         
1         
1         
1         
1         
1         
X         
1         
1         
1         
1         
1         
X         
1         
1         
1         
1         
1         
1         
1         
1         
1         
1         
2         
1         
1         
X         
1         
X         
1         
1         
2         
1         
1         
1         
1         
1         
1         
1         
1         
1         
1         
1         
1         
1         
X         
1         
1         
1         
X         
1         
X         
1         
2         
1         
1         
1         
X         
1         
1         
1         
1         
1         
1         
1         
X         
1         
X         
1         
1         
1         
X         
1         
2         
1         
X         
1         
1         
1         
1         
X         
1         
1         
1         
1         
1         
1         
1         
1         
1         
1         
1         
1         
1         
1         
X         
1         
1         
1         
1         
1         
1         
1         
1         
1         
1         
1         
1         
1         
1         
1         
1         
X         
1         
1         
1         
X         
1         
1         
1         
2         
1         
1         
X         
1         
1         
1         
1         
1         
1         
1         
X         
1         
1         
1         
X         
1         
1         
1         
1         
1         
1         
1         
1         
1         
1         
1         
1         
1         
1         
1         
1         
1         
1         
1         
1         
2         
X         
X         
1         
1         
1         
1         
1         
1         
2         
1         
1         
1         
1         
1         
1         
1         
1         
1         
1         
1         
1         
1         
1         
1         
X         
1         
1         
1         
1         
1         
1         
1         
X         
1         
1         
1         
X         
1         
X         
1         
1         
1         
1         
1         
1         
1         
1         
1         
1         
X         
1         
1         
1         
1         
X         
1         
1         
1         
1         
1         
1         
1         
1         
1         
1         
1         
1         
1         
1         
X         
1         
1         
1         
1         
1         
1         
1         
1         
X         
1         
1         
1         
1         
1         
1         
1         
1         
1         
1         
1         
1         
1         
1         
1         
1         
1         
1         
1         
1         
1         
1         
1         
1         
1         
1         
1         
1         
1         
1         
1         
X         
1         
1         
1         
1         
1         
1         
1         
1         
1         
1         
1         
1         
1         
1         
1         
1         
1         
1         
1         
1         
1         
1         
1         
1         
1         
1         
1         
1         
1         
1         
1         
1         
1         
1         
1         
1         
1         
1         
1         
1         
1         
1         
1         
2         
1         
1         
1         
1         
1         
1         
2         
1         
1         
1         
1         
1         
1         
1         
2         
1         
X         
1         
1         
1         
1         
1         
1         
1         
1         
2         
1         
1         
1         
1         
X         
1         
1         
1         
1         
1         
1         
1         
1         
1         
1         
1         
1         
1         
1         
1         
1         
1         
1         
1         
1         
1         
1         
1         
1         
1         
1         
X         
1         
X         
1         
1         
1         
1         
2         
1         
1         
1         
1         
1         
1         
1         
1         
1         
1         
X         
1         
1         
1         
1         
1         
1         
1         
1         
1         
1         
1         
1         
1         
1         
1         
1         
1         
1         
1         
1         
1         
1         
X         
1         
1         
1         
1         
1         
X         
1         
1         
1         
1         
1         
1         
1         
1         
1         
1         
X         
1         
1         
1         
1         
1         
1         
1         
1         
1         
1         
1         
1         
1         
1         
X         
1         
2         
1         
1         
1         
1         
1         
1         
1         
1         
1         
1         
1         
1         
1         
1         
1         
1         
1         
1         
1         
1         
1         
1         
1         
1         
1         
1         
X         
1         
1         
1         
X         
1         
1         
1         
1         
1         
1         
1         
1         
1         
1         
1         
1         
X         
1         
1         
1         
1         
1         
1         
1         
1         
1         
1         
1         
X         
1         
X         
1         
1         
1         
1         
1         
1         
1         
1         
1         
1         
1         
1         
1         
1         
1         
1         
1         
1         
1         
1         
1         
1         
1         
X         
1         
1         
1         
2         
1         
1         
1         
1         
1         
1         
1         
1         
1         
1         
1         
1         
1         
X         
1         
1         
1         
X         
1         
1         
1         
X         
1         
1         
2         
1         
2         
1         
1         
X         
1         
1         
1         
1         
1         
1         
X         
X         
X         
1         
1         
1         
X         
1         
1         
1         
1         
1         
1         
1         
1         
1         
1         
1         
1         
1         
1         
1         
X         
1         
X         
1         
1         
1         
1         
1         
X         
1         
1         
1         
1         
1         
1         
1         
1         
1         
1         
1         
1         
1         
1         
X         
1         
1         
1         
1         
1         
1         
X         
1         
1         
1         
X         
1         
1         
1         
X         
1         
1         
1         
1         
1         
1         
1         
X         
1         
1         
1         
1         
X         
1         
1         
1         
1         
1         
1         
1         
X         
1         
1         
1         
1         
1         
1         
1         
1         
1         
1         
1         
1         
1         
1         
X         
1         
1         
1         
1         
1         
X         
2         
1         
1         
X         
1         
1         
1         
1         
1         
1         
1         
1         
1         
1         
X         
1         
1         
1         
1         
1         
1         
1         
1         
1         
X         
1         
1         
1         
1         
1         
1         
1         
X         
1         
2         
1         
1         
1         
1         
X         
1         
X         
X         
X         
1         
1         
1         
1         
X         
1         
1         
1         
1         
1         
1         
X         
1         
1         
1         
1         
1         
1         
1         
1         
1         
1         
1         
1         
1         
2         
1         
1         
1         
1         
1         
1         
1         
1         
1         
1         
1         
1         
1         
X         
1         
1         
1         
1         
1         
1         
1         
1         
1         
1         
1         
X         
1         
1         
1         
1         
1         
1         
1         
2         
X         
1         
1         
1         
1         
1         
1         
1         
1         
1         
1         
1         
1         
1         
1         
1         
1         
1         
1         
1         
2         
1         
1         
1         
1         
1         
1         
1         
1         
1         
1         
1         
1         
1         
1         
1         
1         
1         

(921 row(s) affected)



8,608695652
6
